EMF12Java.etl:0.096
EMF12Java1.etl:0.096
EMF12Java12.etl:0.096
EMF12Java2.etl:0.096
EMF12Table.etl:0.064
EMF12Table1.etl:0.072
EMF2Java.etl:0.096
EMF2Java1.etl:0.096
EMF2Java12.etl:0.096
EMF2Java2.etl:0.096
EMF2Table.etl:0.072
EMF2Table1.etl:0.072
Graph12ReduceGraph.etl:1.0
Graph2SimpleTrace.etl:0.8571428571428571
HTML12XML.etl:0.14782608695652175
HTML2XML.etl:0.15217391304347827
Java122HTML.etl:0.19047619047619047
Java122HTML1.etl:0.19047619047619047
Java122Table.etl:0.2857142857142857
Java122Table1.etl:0.2857142857142857
Java122XML.etl:0.2857142857142857
Java12HTML.etl:0.19047619047619047
Java12HTML1.etl:0.19047619047619047
Java12Table.etl:0.2857142857142857
Java12Table1.etl:0.23809523809523808
Java12XML.etl:0.2857142857142857
Java22HTML.etl:0.19047619047619047
Java22HTML1.etl:0.19047619047619047
Java22Table.etl:0.2857142857142857
Java22Table1.etl:0.2857142857142857
Java2Graph1.etl:0.015053763440860216
Java2HTML.etl:0.19047619047619047
Java2HTML1.etl:0.19047619047619047
Java2Table.etl:0.2857142857142857
Java2Table1.etl:0.2857142857142857
Java2XML.etl:0.2857142857142857
KM32EMF.etl:0.5789473684210527
KM32EMF1.etl:0.543859649122807
KM32Table.etl:0.15789473684210525
KM32Table1.etl:0.15789473684210525
KM32XML.etl:0.49122807017543857
km3_2_java.etl:0.22807017543859648
km3_2_java1.etl:0.22807017543859648
km3_2_java12.etl:0.22807017543859648
km3_2_java2.etl:0.22807017543859648
SimpleTrace2TM.etl:0.8888888888888888
T1.etl:0.875
T2.etl:0.875
T3.etl:0.8125
T4.etl:0.8125
T5.etl:0.5625
T6.etl:0.1875
T7.etl:0.75
Table12HTML.etl:0.6666666666666666
Table12HTML1.etl:0.6666666666666666
Table12XML.etl:0.75
Table2HTML.etl:0.6666666666666666
Table2HTML1.etl:0.6666666666666666
Table2XML.etl:0.75
TM2DB.etl:0.3333333333333333
Tree2DB.etl:0.6
Tree2Graph.etl:0.8
Tree2SimpleTrace.etl:1.0
